[options]
general_volume=100.000000
music_volume=100.000000
sounds_volume=100.000000
music_on=1